..- 94 „a
999ιί999999 999 999999 9999999 999, ’999 555 555555' ..

, '·. 999999999999999999 999ι9999ι’,99999999999999999

999 99999 999 55 9999999 9999999 9999999999 5525·

. . 9999999 999999, 999 99 99999 552 999 999999 9999 “
, 999 999999999999999999, 99999999999999999

, 999 999999 99999999, 999999 999 9999999999 99999,

. · 99999999 555555555 55 555 399 999 99999999 9999999 ιιις

99999999, 999 9999 9999999, 999 9999 9999999 9999999,

’ 9999 99999 99999999 999999999999999999 99, 9999 99999

’99999 9999, 999 999 999999, 999 9999999 99999 9999

, ’ 999, 9999999 9999 9999999999999999999999999 Ι

2 -' 545 ¹
› , 99999ιί99999 999 1999999999 999999 9999999 9999999999

99999999 999999 99999 999 999999 99 999 99999.

’ , 55 999999 99999 9999 9999999, 9999 999 999999· Γ

9999 9999999 999939999999999999 9999999999 999

’ 999 99999999 99999, 999 99999999 99999 9999999 99 9999 ’

’ 99999999. 99999 999 9999999999 99999999 99999999 ζ
9999999999. &ie 999999 9999 9999 999999999999999

’ ’9999 99999 99 999999 99999 999 9999999999 9999 “

999999 9999 99999999 99 99999 99999999. 9999 999

, ’ 9999999999999999999999999 999999 Ἰ
’ ” · 99999 999999999ιί9 9999999999999999999999199 ¹ '

99999999 99999999999999999999999999 999 3

' , 999999999999999999999999999 99999999999999999,

99ιὲ9 999 ιιιιιι 999999 999999, 99999 055555555 9999

,γ 9999 99999999 999 99999999999999 99999999 meroes}

” 999 99 9999, 999 ιιι ιιιι ιιιιιι 99 9999 ιιιιι ᾖ
“ ·· · ·5

 

