111111 1111111111 Μ 11111 111 111111 11111111 1111
111111111111111111111111111111,11111111
&um 11111111 11111111 1111111 1111111 1111
. 1111111111111111111111111111,11111111111111111
’τι · mem 111111111111111111111111111 1111111111
· 2¹². 1111111111 111 11 1111111111 1111111111 11111111111111
“ 1111, 11111111 11111111 11111111111111111111111
“’ 11111,11111111111111111111111111111111
, , ,“ Δ 1111111111111111111111111,1111111111 1111111111
11· ¹» , 11111111, 11111, 111 1111111111111111111111111111111
³ ’ ·”“, 1111111111 1111111111111111 11111111 11111111 1111111111
'g 1111111, 111 1111111111111111111111111111111 1111
·= ,1111 111111,11111111111111111111111 1111111111

·, 111111111111111111111111111 ’-

,1) 111111111111111111111, 1111111111 1111131111 ·
1111111111 111 1111111111111111111111111111111
1’1111111111111111111 11111 11111 11111111111111111111

111111111111,111111 11111111 111 111111111111
,’,’1111111111111111 1111111111. 11 111 111111 11161111 ¹
’1111,11111111111111111111111111111111111111111111 “

, 111111, 11111111 1111111111 11111111111111111111111
’111111111111111111111111 11111111111111111111111111 Ν
11111111 111111111111,1111111111111111111111 “
11, 1111 1111 31111111 111111 1111111111111111111 Ῑ
1111 1111111111 1111 11111 1111111111111111 11111
111111

11111111 11 111 1111111111 1111111 1111111111 - ’
W? 11111111 1111111111 1111111111 11111111 1111

1111 1111111111 1111111111 1111 11111111, ’1111 111
, · 1111 ,

 

