“·· 395 ’“·· 5 *⁸ .‘ ’
· 55 55555 555 5555555555555 555555 5555555555555 ’
5555555555 555, 55555 5555555555ῑὲ55 5555 555 55555 555 ·

5555555 5555555555 555 55 555 55555 55555 5555555555
¹ 5555 55 555 55555 555555 3555555555 55555555 55555

35555555 5555555555 55 55555555 3555555555 3¹⁸ 5333 Q. ·’ ,

,mm Μαι, &3333 555 555555 5555555555555 5555555 . .

, β555555 555555 555 5555555555 5555 5555555 55555555 . ·

555555555555 5555555555 5 55555555 555555, 55555555 .
55555555555555, 55555555555555. 5555555555 555 ᾗ
555555 555555 5555555555 5555 55 555 5555555555 555,
855555 5555555 3555555555555 55 55555 5555555555, ’
556) 5555555555 55555 55555555 55 5555555, 5555

555555 555 ὕ5555555555 555 555555555Θ5555555555 5555555, ι’ , 5
, 5555555555 555 65555 555 5555555555 555 5555555555. ,- ι
&ei 555555 8555555555 555555 55 5555 warmume , ¹· Ι

’ 55555 55555 555555 55555555 33 5555555555 55555

’ 8555555 1555555555 5555 55555555. 5555555 555 55555555 ”
’ 555 55555555 55555555 312 3303 555555 5555555555 ,
’ 555555 555 5555555555, 5555555555555555, 5555555 . ·
5555, 5551555, 5555555555555555551·55555555.« 555555 · ’
’5555 555 5555 55555555 555 555555555555555 · ,
55 5555555555 55555555 5555555555 5555555555 ,

5555555555 555555 55555555, 555 5555555 5555 555 65555 , <
55555 5555 555555555555555555 5555555555, 55555 55515555 , ·

5555555555( 5555555555. 5555555 femmam 5555

555555 8555555555 55555 55555555 555555 55 55555555 “ ¹

5555 35555555 55555 5555555 5555555555, 555 555 55
’ 555 65555555 55550555· amit 555 &33311'333353333

6555555555 5555555555, 5555555 5555555555 55 555555 555 . “

5555555 3555555555 55555555 5555555555 85555555 3331

 

