. κ’·

···-·128-

9999999 9999999999 9999999999, 9999 9999, 999 999 ‘ x
uinus ιοιιιι 99 9999 simu 999 9999999999 &te 99 ,

9199 9. Q. 99999 999 99999 totus 9999 'siim anguli mci·

. dentiae w1e2 999, 9999999, 999 99999999999999 μ .

99 ticin 99, 9999 9999999999 99 9,999 99999999 ,
¹ 9999999 99999999, 99 99999 9999999 99999, 999 999
y 9ι 9999999 999999999999 99999999 999 99999 999
· 9999999 99 99999999 999 999999 9999 999 999 999
ἴ9999999 99999999 999 99999999999999999999 999999
99999999 999999, 999 9999 9999 999 9999 99999999 ,
999999 99999999 99999999, 9999 999 99999999 999

‚ , 99999999 999 99999999 999999 99 99999999 9999

9999, 9 ι 99 9999999999 9999 9999 99999999 99 999

⁸ . 999999 999 9999 999 99999999 9999999, 9999 999

“ 99999 99999 9999999999 99999999, 999 99 99999

j 9999999 999, 999999 99, 999 99999, 99999999 9999

999 9999 99999999 in 9 9999999999999 9999999
⁸ 99999999 999 man 99999 99999999 999 999 69999999
9999 999 99999999999999, 9999 99 9999999999 9999
999 9999999999 9999999999 eines· 9999999 99999 999, ’
999 999 999999 999 9999 999 9999999 9999999 999999

’ 99 9999, 99999, 999 999 wara, 9 9999999 99 999

9999 9999999999 9999999999, 99999999 9999 9. , “

’ 199999999999999999999999999. 99999999 ·
999999 99999999 in 999 999999 9999399999 99999, Ν
9999 999, 999 99 99999, 999 99 9999 999 999 99999 ·
99999999 99 9999999999 §bena 999 99999 99991999
9999999999 9999 999 9999 999 9999 9999999999 99999, ’ ζ
99 99 9999 99999 9999999 99 999 9999999999 9999,
’999999 ι

 

