‘nn-228.-

γ “ 11111111 1111111 1111111 111111111111111111111

11111 also 11111111 11111111 111111 111111111111
1111 11111, 11 1111111111111111 11111111, 1111111
· “ '. 111111111111111111111 1111 11111111111111111111111111
“ 11111111111111 so 1111111111111111, 111· 1111111111,
1111 111 11111111 1111111111 111111111111111111111,
. ’ 1111111111111111311111111111111111111111111111 ,
Ι 11, 1111 1111111 1111 111 111111111111 311111111111111
’1111111 111111, 1111 11111111 11111111 111111111111
ι 1111111111 3111111111 1111111 11111111 111111 111111
. 111111 1111111111, 1111 1111111 1111 111 1111 11111 1111111,
2 . 111111111111111111111111,111111111111111111 ,
’ ὃ 111111111111111111111111111111.

’ 1115. .
’,111161111111111111111

111111111111 1111111111,11111111
’ 111111111111111 11111111111111111111

· - 111111111111111111111111111111111111
..Ι 111111111111,1.1.1111111111111111111111 1
. “ 111111111111111111111111111 1111111111. ’ 1

· 1111111111 11111111

- 111111111111111111111111111111111111111 1
’ 1111 (111111 11111111 r
1 11111 111111111111 111111 11111 1111111111, 11
. - 1111111 11111 1111111111111111111111111111111111 Ι
1111111111,11111111111111111111 noiomo. '
1 611111 1111 111 1111111111111111111111111

11111 111111 1111 1111111 111111111111111111111

1

 

