. - 6'73 ·-· = ¹
999999 99999999 99999999 999. 9999 999 99 99 99999999,

71999,9999999999,999999999999999 9999 999 . “

“ 999999 99999 99999 9999999999 999 9999999 999999, 9999999
99999999 999 9999 9999 (999999 9999999999 9999 9999999 ’ .
’999 999999 999999 9999999999 99999 99 999 9999999999
Ν 999999 999999, 9999 99999 999 999 9999999 99999 99999999
,999999 9999999, 9999 99 99, 999 999 9999999999 99 “
JQeerchn 99999, 999 99, 99999999 999 mit 9999999999, ’
,9999 99 9999 9999999 99999 9999999999 9999999 9999999999

ἶ999, 999999 999 9999999 (999999 9999999 9999 9999999999 » x

. 9999 9999999 999 99999 999 99999999 99999 99 999999.
9999 9999999999 Qelt 99 999999 99999 9999999 3113
99999 99999 999 9999 99999 999 999999 999999 DQ
899999, 99 99999999 {Q 999 99999999 &tago 999 9999,

, 99 999999, 9999999 99999 999999 999999, anQ'Q 99999

,9999999 999 999999 9999999999 999999 999 999999 ,

’ Α 999 99 9999999999, 9999 99999999 99 999 9999999 99999

’ 999999999 99 99999. Qu 9999999999 9999 999 999999, ‚

,999999 Β 999 999999 999999, 9999 9999 QQQ 99999999 J

ι9999 99999999 999999. 399 999999 999 999 9999999

μ 9999 9 99999999 9999999 9999999999, 99 9999 9999 9919999,

’ 99 9999999 999 99999999 9999 9999999999 99999 99999 999 ·

,999999 999 99999 99 99999 9999999999, 9999 999 999 “ 9

39999999 999999 9999999) 999999 999, 9999 so 99 9999
9999999999 9199 3Q 99999 99999 9999 9999 999
9999999, 99999999 9999 9999999, 99999 999

’9999999999999999999999 99999, 99999999 “

999999 [Qun 999 9999 9999999 999999 999

9999, 9999 999 999 99999999 9999999999 999,
· 999 ·

 

