31111111 1111111111 ’

1111111111111 111 111111 111 1111111111111 11111 “

ΜμΜΜΜΜΜΜ

1 f

3111111 11111111 1111112101 1111111ὓ111111111
111 1111111111111111111111111111111111111 ’1111
1111111111 111 11111111 111111111111 1111111111111
111[111111111111111111111111111111111111 1111111
1111111111 111 111111 1111111111, 11111111 1111111111 1111

1111111 1111 111 1111111111111111111111111111111111111 ,

111 1111111111 11 1111111, 1111 11111111111111111111
11 1111111111 1111111111, 11 111111111111 11111111

Ι 11111111111111111111,11111111111111111111111111111

11111 111 11111 1111111111 1111111111111 111111111111111·
111 1111111111 11 1111111111111111 1111111111. ’

ν 1. 11.

. S& 11111 111111, 11111111111111111111111111
111111 1111111111 11111111, 1111111111 0111111111 1111

111 1111111111 11111111111111111111 11111111 · ’

1111 1111 11111 11 1111111 111111111111111111111111
111 1111111111, 111 111 11111111111111111111111
1111111 1111111111. mie 1111111111 11111111 11111111
111 111111 11111111 11111 111111111111111 1111111

’ 1

 

