. ¹⁴· 55 ·“· ·,
’ 45455 45 4554455544 44555444544455444554444 3

Β, 44455 44 54444445 44445444 5545444 544 4555, 4445 f
54454445 54 454564555545545454, 4455445545 4-5 564454 ’
54444 444444 554 544554 454554 545, 54 5445 554 64554544
¹ 5545454444 544 4444445444 5445554455 544 5445444, per
hypothesin. 55555 545 55455445 Β 5544 5454 5454554
544 5544445 A, 445 5444445 4445 44445444 54554544 ’

tentorum«, 4454444444 6445 &mmigrat 4, g .'

544 55544444 BE. 554 54445 Α 4544, 5455554644 ’
5555455455 5, 554 in 554 445 5444 55454454 544 544 » ·

ι 55554444 ΑΒ 445 55454 5444, 4444 5445445444, 4545444 ’ Ῑ

55454554444444 5444454454 54 4445 5445544444 Ac
·55444545445444·, 4445 45444444 44445444, 4444455444 445 “ ,

4544444 6445 655554554544, 4444454 54 545 54 54455454 - 4

44444 ΑΟ 5445444444ιῆ, 44454545 444454 544 845 55,
5444 ι5444 5444444444 554 4444454555 44545445 545,
44445 544454444554455544 64544 444 44555444.

35 545Ιὶ454 5544445 544 554444 Α 55444 44544   ’

64454464554545545454, 445 4445 4454 4644544 5445, ,

544 65454444 4455444444 4454554444, 554 5444 54444 .

444444 4544 45544544 4445444 445 44444 4445444 545 “ Ν.

64544, 4444 544 6545455454 544 55454544 445 ’

6545444444, 4444445544444, 4454544644 ‚ Ν
54 54454 445454, 4445 5445 444 54 4545 4444445544, 455 · “

44 4454 2 4444554444 5544444.

)5α5544446155455554545455415454,544444455 ,
W 555551151δί5ἲῶ nb Me 55 45ἰώ55 m 544 Mt
4445 &mamma 5444455555 55, 5444545 „
⁸² Μ 54515444444445445544544545544 5544
mmm ›-

 

