“o l 

ιιι-ἶ 67 ·.··.
999 &wem 999 9999999999 999 9999 999999 999999
99999999, 999 99 999 999999 CB 9999.

399 99999 999 9999999999 999999 9999999999 9999999

. 999 9999 9999999, 99999 999 9999999999 999 99999 999
9999999 99999 9999999 999999 9999999999999 9999 999

, 999 99999999 99 99 99999999 9999 999 fic fid> 999999 ι
999 99999999 999999 9999999 99999999999999 99ιῖ
999 99999 9999999999 9999 99999999 999999 99999999
999999 99999999 9999999 9999, 99999999 99999999 99999 ’
9999999999 9999999, 999 9999 99999999 99 99, 99999999
9999 9999999 69999999 99999999 999999.

9· 99

9999999999999999 999 9999 39999 mm
999 9999 9999 &dmm 9999999 99999 99 999·
9999999999 999 9999999999 9999999 999 99999 &aa ”
9999999999 99999, 999, 9999 99999 999999, 9999999999
9999999 99999 999 999 9999999999 999 8999 999 999
09999999 999 99999, 999 999 6999999 99 99999 999999
999999999999, 9999999999 999999999999 999999 99999,
9999 9999 999 9999999, 999 999 9999999999 999999
ben, 999 999 99999 99999 9999999999 9999999.

§- 3⁶
999999 991, 999 99999999 999 99 999 6999999 999 99999 k

999 9999 999 GM *99999999 999 8999 9999999999
99999 99 emm 9999999 9999999.

· 9999 8999 99 9999999999 99 99999 9999 999 999 999
999999999999 999 9999997999999 9999999999(

 

