ι,9 ιιι-9444.”

§a 137.
. x ’9999 9999999999 99999 99999 9999 99999 9999 minag
¹ « 9999999999. Ι

wic 99999 9. 121. 99999999 999 999 99999 99999 ⁴
9999999, 9999 99 99999999 99999999 99, 9999 99 9999

¹ 9 99, 999 99999999 9999999999 9999999 9999, 9999999 .

999 99999 9999999999 9999999 99999; 999 99999999 999
999999 mit 2 9999999 (9999999999999 4 99999 999
struit 9999, 99999999 999 9999999999 99999999 999999
· bernegum, 999 9999999999 (99999999999999
999999 §.wo in 99 9999 99999 999999 999 999999 999
vitra 999. ‘Mt 999999 9999 99919999 9999 9999 999
999999, 99999 9999999 9999 9999999 99, 999 999 matt,
999 999 999999 999, 9999 999999 99999 9999999999999 ’

9 ’ 999999 99999, 999 99999999, 99 999 999 99999 x

999999999 999 999999999999 9999 99991999
999999 99999999, 9999 999 999 9999999 9999
999 999999 99 999 99999999999999 99999

. 9999999999, 99999999999999999, 999999, ²
¹ ·99999999999999

99 9 9 9 9 9.
, ’ 9999999, 99 99999999, 999999 9999 9999 9993999999
men -999 9999. 99999999. ’99999999 fid> 9999 ¹
999 99 9999 An 999 c 9999 99, 99999 99999.
9999999 9999 9. · 999999 999999 9999 999999 999 9999999

Α. , 999999 99 9 9999999 999999, 99999 cu, 9999

. 99 99999 ”emmane 9999 9999 9999999999 99999, mit 99
99 9999999999 99 9,· 99999 999 9999 9999
99 999999 9, 99 999999 999999 9999999

 

