. . ‘··‘397··‘

ὶ39999999 9999999999. 1

x= ,9999 9999 9999999999 999, 9999999 999 69999999 999 999999
. 99999 999 99999999 9999999999 999999 99999999 999 9999 “

mmm 9999 9999999.Ι

ann*

&mum 9999 9999999999 9999999999 999 99999999 ⁸.

‚ 999999 999999 999 999999 99991999 9999 9999 9999999999 ·
’ 9999 9999999999 99999 9999999999 9999999999, 999 ¹

9999 9999 9999999999, 999 999 99 999 ’9999999999 999

’ 9999 99999999 9999999999 999999 9999999999 999999 Bes

9999999999 99999 999999, 999 999 999999 999999 99999.
9999999 999999, 99999 99 99999 999 999999999999 999

, 9999999999 99 999 9999999999 9999999999 9999999

, 99999. wir 99999 99999999 999 999999 99 99999999,
999 99999 99 999 9999, 999 9999999999 99999999 9999 Ι
99999999, 999999 9919999 9999 99999999 9999999999
, 9999999999 9999, 999 9999 999 9999 99 99999 9999
- 99999999999999999999999999999999999*). 99999999, ’
, 999 999 9999 99 999999 9999999999 9999999999, 99999
999 9999999 &roff 999 999999 9999999999, 999, 999 999·
999 999 9999999 9999999999 99999, 999 999 99999999

&mmmmm 999 999999999999999 9999999999 999, ,Ι “ , ν

¹ 99 ⁰⁰¹² 99999999 999999 9999999 9999999999 99199999.

,9) 999, 9999 9999999999 99, 99 a 99 999999
9999999999 999999, 999 et 9999 9999 ’999 mbae 9999999 ὲ
9999999 aa 99 99, mor 99 9999999 §roff 999 ’
9999999999 99199 ‚ammo 999999, 99999 9999999999 9999999 9
99999 9999999999 9999.

 

