-644 *- -·

· 44 4444444444 44 4444 444444 4444444444, 44 44
’ 444444 4444 4444444444, 444444 44444444 reis
' 444 4444444 44444 444444 444444 44 444 444444
’ ubet 444 444 444 444 4444444444 4444444444 44444444, 2
[4444444444 44444444 444 44444 44 &nortuum 44 ¹
, 4444444444 444 444 44444444 444444 monem 4446 ’
· 444 wemmam 4444444, 44 444 4444 4 4444444444, om 4
444 44 444444 von 444 4444444 obet 444444 ber 44444
ι ⁷ 4444444 44 44444 44 444444, 44444444 44 444444 wis
’ bct 44 4444444 444, 444 4 t 44444444 4444 &ambr
‚ 14444 4444 4444444 444444, um 4444 4444444444
444444 44 4444444,4 4444 4444 44 444444, 444444
44444444 444 mathesuentem 44444 444 §eine 444444 4
4444444444444, 4444444444 44444 aenigma 4
y J 444 444 44444444. {stan 4444 4444 mutim, auf
’· , 444444 &tite 44 9444444 444 44444, 44 ben auia}
te ’44444 44444 4,444444 4444 444 eine 4444 tuaest
444444 44 4444444444 444 9444444444 tuberum, 444

1 . 44444 4444 44 4444444 ,4444444 4444 44 44444441.

. 44444444444444. 4. memorat-neem y

4 444 4444444444 444444 4444444, 444444 4444441 ’
’ mammen ,4444444 tant. 44444 4444 44444 bien
' 44444 4444444444 4444, 444 44444 4444 4444444444 w
⁸ 4444444 mata 444444. 444444 cumbam 4444, un 44 in
444444 4444444444 4444 &umbe 44 legen. mie &m
4444444444 beten 444444, 44444 444 4444444444 eis
. 4444444444 444 4444444 4444444, 4. Q. 444 hermam
4444444 4444444444 4444444 4444444 444444 mon 44
444 44 444444 444 4444 4444 3444444 4444444 444

 

